14NAS.G.1 5805324.336 7525057.421 101.312
14NAS.G.2 5805324.268 7525058.274 100.920
14NAS.G.3 5805321.144 7525058.719 101.019
14NAS.G.4 5805320.462 7525057.909 101.465
14NAS.G.5 5805320.405 7525056.750 100.782
14NAS.G.6 5805322.183 7525057.510 101.577
14NAS.G.7 5805322.164 7525056.233 100.713
14NAS.G.8 5805321.142 7525054.646 100.732
14NAS.G.9 5805320.441 7525052.370 101.071
14NAS.G.10 5805318.920 7525052.873 101.019
14NAS.G.11 5805319.386 7525054.987 100.853
14NAS.G.12 5805319.467 7525056.992 100.861
14NAS.G.13 5805317.394 7525056.200 100.958
14NAS.G.14 5805314.412 7525055.211 100.787
14NAS.G.15 5805311.239 7525054.409 100.730
14NAS.G.16 5805310.076 7525052.396 101.017
14NAS.G.17 5805311.015 7525051.640 101.023
14NAS.G.18 5805311.195 7525053.293 101.131
14NAS.G.19 5805313.715 7525052.132 100.875
14NAS.G.20 5805313.873 7525053.317 100.993
14NAS.G.21 5805316.413 7525052.605 101.124
14NAS.G.22 5805316.073 7525053.519 101.172
14NAS.G.23 5805317.729 7525052.812 100.948
14NAS.G.24 5805318.814 7525058.395 101.956
14NAS.G.25 5805317.603 7525057.732 101.954
14NAS.G.26 5805317.412 7525058.618 101.799
14NAS.G.27 5805316.097 7525058.075 101.852
14NAS.G.28 5805314.567 7525057.113 101.873
14NAS.G.29 5805314.016 7525056.170 101.649
14NAS.G.30 5805312.831 7525056.466 101.366
14NAS.G.31 5805312.060 7525056.139 101.488
14NAS.G.32 5805311.195 7525055.695 101.543
14NAS.G.33 5805311.539 7525056.605 101.582
14NAS.G.34 5805312.693 7525057.476 101.099
14NAS.G.35 5805310.944 7525057.198 101.183
14NAS.G.36 5805309.949 7525056.029 101.038
14NAS.G.37 5805310.733 7525054.454 100.806
14NAS.G.38 5805312.062 7525054.420 100.644
14NAS.G.39 5805313.999 7525057.718 101.380
14NAS.G.40 5805314.956 7525058.587 101.002
14NAS.G.41 5805313.363 7525058.402 101.825
14NAS.G.42 5805312.152 7525059.072 101.626
14NAS.G.43 5805312.520 7525060.771 101.301
14NAS.G.44 5805311.988 7525061.154 101.135
14NAS.G.45 5805313.692 7525061.463 101.067
14NAS.G.46 5805315.543 7525061.767 100.857
14NAS.G.47 5805317.012 7525061.900 100.813
14NAS.G.48 5805313.369 7525059.562 100.112
14NAS.G.49 5805315.543 7525059.374 100.158
14NAS.G.50 5805317.775 7525059.464 100.170
14NAS.G.51 5805316.250 7525060.993 100.172
14NAS.G.52 5805314.172 7525060.443 100.240
14NAS.G.53 5805319.667 7525061.971 99.994
14NAS.G.54 5805321.302 7525064.455 99.872
14NAS.G.55 5805319.077 7525064.630 99.961
14NAS.G.56 5805318.008 7525063.031 99.941
14NAS.G.57 5805320.601 7525060.924 100.843
14NAS.G.58 5805321.983 7525063.233 101.120
14NAS.G.59 5805323.173 7525063.426 100.864
14NAS.G.60 5805323.935 7525060.951 100.885
14NAS.G.61 5805324.476 7525058.616 100.846
14NAS.G.62 5805322.572 7525064.754 101.110
14NAS.G.63 5805322.033 7525066.651 100.980
14NAS.G.64 5805321.818 7525067.158 100.039
14NAS.G.65 5805318.971 7525065.752 101.064
14NAS.G.66 5805319.379 7525066.489 100.039
14NAS.G.67 5805318.128 7525069.415 101.049
14NAS.G.68 5805318.824 7525069.450 100.056
14NAS.G.69 5805318.298 7525071.510 100.924
14NAS.G.70 5805317.270 7525075.032 100.619
14NAS.G.71 5805315.390 7525074.356 100.914
14NAS.G.72 5805316.116 7525071.443 100.958
14NAS.G.73 5805316.115 7525068.458 101.092
14NAS.G.74 5805315.632 7525065.679 100.965
14NAS.G.75 5805313.566 7525064.821 100.929
14NAS.G.76 5805312.614 7525063.254 100.800
14NAS.G.77 5805310.809 7525060.473 99.777
14NAS.G.78 5805310.928 7525062.826 99.718
14NAS.G.79 5805308.171 7525063.140 99.896
14NAS.G.80 5805307.722 7525066.639 99.946
14NAS.G.81 5805309.886 7525067.525 99.962
14NAS.G.82 5805311.004 7525065.488 100.006
14NAS.G.83 5805312.742 7525066.271 100.764
14NAS.G.84 5805311.356 7525068.340 100.940
14NAS.G.85 5805311.104 7525069.490 100.850
14NAS.G.86 5805308.940 7525067.919 100.631
14NAS.G.87 5805307.415 7525067.625 100.601
14NAS.G.88 5805307.600 7525068.701 100.577
14NAS.G.89 5805307.139 7525070.939 100.132
14NAS.G.90 5805307.200 7525073.304 100.041
14NAS.G.91 5805308.947 7525070.699 100.818
14NAS.G.92 5805310.601 7525070.705 99.967
14NAS.G.93 5805310.294 7525075.177 99.829
14NAS.G.94 5805313.095 7525074.292 99.863
14NAS.G.95 5805314.073 7525071.143 99.952
14NAS.G.96 5805315.500 7525073.827 100.988
14NAS.G.97 5805316.415 7525076.095 101.319
14NAS.G.98 5805314.299 7525076.061 101.138
14NAS.G.99 5805317.079 7525080.602 100.905
14NAS.G.100 5805313.558 7525081.683 101.502
14NAS.G.101 5805313.596 7525078.345 101.196
14NAS.G.102 5805312.705 7525077.217 100.697
14NAS.G.103 5805311.564 7525078.544 100.191
14NAS.G.104 5805310.835 7525077.311 100.307
14NAS.G.105 5805310.856 7525078.592 100.313
14NAS.G.106 5805311.046 7525080.136 101.287
14NAS.G.107 5805310.815 7525081.513 100.807
14NAS.G.108 5805309.403 7525082.435 101.825
14NAS.G.109 5805309.821 7525083.460 100.918
14NAS.G.110 5805308.809 7525083.884 101.503
14NAS.G.111 5805309.233 7525084.968 100.841
14NAS.G.112 5805310.526 7525085.936 100.661
14NAS.G.113 5805309.623 7525086.610 101.138
14NAS.G.114 5805307.760 7525086.619 100.723
14NAS.G.115 5805306.453 7525087.310 100.196
14NAS.G.116 5805306.084 7525083.093 100.334
14NASYP.G.121 5805304.558 7525082.996 100.249
14NASYP.G.122 5805302.110 7525081.699 100.225
14NASYP.G.123 5805298.348 7525083.296 100.558
14NASYP.G.124 5805301.533 7525086.321 100.086
14NASYP.G.125 5805298.318 7525088.742 101.353
14NASYP.G.126 5805298.499 7525087.252 101.572
14NASYP.G.127 5805299.413 7525087.597 101.402
14NASYP.G.128 5805296.783 7525088.203 100.669
14NASYP.G.129 5805297.420 7525085.877 100.300
14NASYP.G.130 5805296.585 7525084.601 100.961
14NASYP.G.131 5805295.851 7525086.507 101.215
14NASYP.G.132 5805293.450 7525086.278 101.239
14NASYP.G.133 5805291.069 7525087.013 101.295
14NASYP.G.134 5805291.186 7525088.214 101.369
14NASYP.G.135 5805291.594 7525089.691 100.261
14NASYP.G.136 5805293.807 7525087.998 100.282
14NASYP.G.137 5805295.405 7525088.139 100.229
14NASYP.G.138 5805297.183 7525090.231 100.286
14NASYP.G.139 5805300.312 7525088.562 100.116
14NASYP.G.140 5805295.537 7525082.474 102.054
14NASYP.G.141 5805296.777 7525080.131 102.753
14NASYP.G.142 5805298.839 7525080.108 102.476
14NASYP.G.143 5805301.174 7525077.656 102.027
14NASYP.G.144 5805303.429 7525079.002 102.064
14NASYP.G.145 5805304.730 7525078.132 101.376
14NASYP.G.146 5805305.699 7525076.887 102.069
14NASYP.G.147 5805307.622 7525077.160 102.395
14NASYP.G.148 5805306.771 7525074.585 101.591
14NASYP.G.149 5805304.885 7525072.082 102.194
14NASYP.G.150 5805305.343 7525069.101 102.192
14NASYP.G.151 5805305.650 7525066.413 101.728
14NASYP.G.152 5805306.410 7525063.309 102.118
14NASYP.G.153 5805307.595 7525060.965 102.362
14NASYP.G.154 5805309.046 7525058.879 102.328
14NASYP.G.155 5805304.881 7525059.116 102.163
14NASYP.G.156 5805303.864 7525060.499 101.588
14NASYP.G.157 5805302.383 7525062.156 102.358
14NASYP.G.158 5805301.720 7525064.086 101.467
14NASYP.G.159 5805301.064 7525067.564 102.213
14NASYP.G.160 5805300.395 7525069.457 101.775
14NASYP.G.161 5805299.850 7525072.109 101.745
14NASYP.G.162 5805299.682 7525074.525 100.613
14NASYP.G.163 5805302.056 7525075.599 102.040
14NASYP.G.164 5805300.770 7525078.412 101.792
14NASYP.G.165 5805296.578 7525077.822 101.185
14NASYP.G.166 5805296.733 7525073.493 101.098
14NASYP.G.167 5805297.023 7525070.741 101.926
14NASYP.G.168 5805297.577 7525066.658 101.690
14NASYP.G.169 5805297.384 7525062.798 102.148
14NASYP.G.170 5805294.761 7525061.302 101.919
14NASYP.G.171 5805297.383 7525059.488 101.738
14NASYP.G.172 5805296.427 7525056.891 101.843
14NASYP.G.173 5805300.383 7525059.414 100.057
14NASYP.G.174 5805303.388 7525056.325 100.036
14NASYP.G.175 5805298.900 7525055.686 99.866
14NASYP.G.176 5805295.456 7525053.110 100.400
14NASYP.G.177 5805296.390 7525050.625 100.723
14NASYP.G.178 5805300.152 7525050.217 101.220
14NASYP.G.179 5805300.607 7525052.700 101.241
14NASYP.G.180 5805303.609 7525052.612 101.133
14NASYP.G.181 5805303.959 7525050.927 101.379
14NASYP.G.182 5805305.863 7525052.593 101.771
14NASYP.G.183 5805306.244 7525050.765 101.786
14NASYP.G.184 5805308.626 7525051.567 101.475
14NASYP.G.185 5805308.674 7525054.337 101.269
14NASYP.G.186 5805307.592 7525056.276 101.606
14NASYP.G.187 5805293.662 7525051.104 101.727
14NASYP.G.188 5805293.368 7525049.265 101.852
14NASYP.G.189 5805291.605 7525049.803 101.351
14NASYP.G.190 5805289.417 7525047.766 101.044
14NASYP.G.191 5805286.688 7525048.312 100.793
14NASYP.G.192 5805287.690 7525050.578 100.730
14NASYP.G.193 5805289.680 7525051.384 101.503
14NASYP.G.194 5805289.644 7525052.526 101.847
14NASYP.G.195 5805290.217 7525053.526 101.743
14NASYP.G.196 5805291.838 7525051.716 100.649
14NASYP.G.197 5805292.610 7525054.425 99.838
14NASYP.G.198 5805294.192 7525057.134 99.587
14NASYP.G.199 5805295.462 7525059.125 99.553
14NASYP.G.200 5805291.771 7525058.638 99.521
14NASYP.G.201 5805291.143 7525056.474 99.597
14NASYP.G.202 5805289.752 7525056.402 100.042
14NASYP.G.203 5805287.667 7525055.530 100.338
14NASYP.G.204 5805286.434 7525052.405 100.268
14NASYP.G.205 5805287.793 7525057.235 100.186
14NASYP.G.207 5805281.499 7525056.628 99.753
14NASYP.G.208 5805280.588 7525057.911 100.265
14NASYP.G.209 5805284.759 7525059.542 100.314
14NASYP.G.210 5805290.525 7525060.872 100.479
14NASYP.G.211 5805290.156 7525064.788 100.833
14NASYP.G.212 5805289.631 7525068.962 100.837
14NASYP.G.213 5805293.680 7525069.327 101.015
14NASYP.G.214 5805294.293 7525065.474 101.457
14NASYP.G.215 5805292.420 7525074.061 101.131
14NASYP.G.216 5805291.891 7525077.532 101.736
14NASYP.G.217 5805292.071 7525081.435 101.430
14NASYP.G.218 5805290.963 7525084.745 100.672
14NASYP.G.219 5805289.330 7525084.413 101.101
14NASYP.G.220 5805288.931 7525086.887 101.547
14NASYP.G.221 5805286.243 7525088.074 101.612
14NASYP.G.222 5805284.923 7525085.485 100.007
14NASYP.G.223 5805285.222 7525082.808 100.105
14NASYP.G.224 5805287.732 7525084.264 100.109
14NASYP.G.225 5805288.460 7525081.528 101.987
14NASYP.G.226 5805287.314 7525080.060 101.563
14NASYP.G.227 5805284.938 7525079.242 102.230
14NASYP.G.228 5805283.806 7525080.729 101.144
14NASYP.G.229 5805282.962 7525083.275 102.325
14NASYP.G.230 5805281.905 7525084.094 102.991
14NASYP.G.231 5805280.903 7525082.616 102.637
14NASYP.G.232 5805278.539 7525084.070 100.713
14NASYP.G.233 5805280.452 7525085.869 100.778
14NASYP.G.234 5805282.781 7525086.407 101.051
14NASYP.G.235 5805282.501 7525087.957 101.650
14NASYP.G.236 5805280.614 7525087.557 100.408
14NASYP.G.237 5805278.372 7525086.706 101.465
14NASYP.G.238 5805276.335 7525084.852 101.671
14NASYP.G.239 5805273.775 7525086.019 101.875
14NASYP.G.240 5805271.847 7525085.560 101.516
14NASYP.G.241 5805271.915 7525083.703 100.731
14NASYP.G.242 5805276.823 7525082.196 100.960
14NASYP.G.243 5805277.513 7525077.811 100.795
14NASYP.G.244 5805281.610 7525077.520 100.669
14NASYP.G.245 5805284.134 7525077.495 102.068
14NASYP.G.246 5805287.773 7525076.812 100.843
14NASYP.G.247 5805288.517 7525071.988 100.800
14NASYP.G.248 5805283.682 7525073.396 100.916
14NASYP.G.249 5805284.362 7525069.595 101.270
14NASYP.G.250 5805284.989 7525067.725 100.808
14NASYP.G.251 5805285.178 7525063.475 100.297
14NASYP.G.252 5805289.081 7525063.043 100.396
14NASYP.G.253 5805280.944 7525061.179 100.322
14NASYP.G.254 5805280.034 7525066.701 100.562
14NASYP.G.255 5805279.326 7525070.233 100.633
14NASYP.G.256 5805278.480 7525074.720 100.760
14NASYP.G.257 5805272.792 7525080.312 100.125
14NASYP.G.258 5805273.688 7525076.688 99.772
14NASYP.G.259 5805276.120 7525076.941 100.857
14NASYP.G.260 5805273.649 7525073.421 100.721
14NASYP.G.261 5805274.587 7525069.466 100.691
14NASYP.G.262 5805275.230 7525065.335 99.780
14NASYP.G.263 5805275.912 7525061.959 100.037
14NASYP.G.264 5805278.055 7525062.957 101.385
14NASYP.G.265 5805279.030 7525061.595 100.154
14NASYP.G.266 5805280.516 7525063.677 100.304
14NASYP.G.267 5805276.946 7525059.040 100.201
14NASYP.G.268 5805276.433 7525056.557 101.080
14NASYP.G.269 5805276.345 7525054.369 100.006
14NASYP.G.270 5805277.040 7525050.532 100.578
14NASYP.G.271 5805277.639 7525048.010 100.220
14NASYP.G.272 5805272.798 7525046.260 100.771
14NASYP.G.273 5805271.587 7525049.090 99.709
14NASYP.G.274 5805271.161 7525053.986 99.611
14NASYP.G.275 5805270.803 7525058.149 99.597
14NASYP.G.276 5805270.459 7525062.253 99.980
14NASYP.G.277 5805270.019 7525067.306 99.889
14NASYP.G.278 5805269.576 7525070.897 100.616
14NASYP.G.279 5805269.557 7525072.943 101.426
14NASYP.G.280 5805268.383 7525076.069 100.157
14NASYP.G.281 5805267.415 7525079.962 101.109
14NASYP.G.282 5805265.196 7525080.743 101.421
14NASYP.G.283 5805265.393 7525083.016 101.212
14NASYP.G.284 5805267.710 7525081.559 100.090
14NASYP.G.285 5805267.217 7525083.391 100.132
14NASYP.G.286 5805270.148 7525082.458 100.205
14NASYP.G.287 5805269.392 7525084.013 100.249
14NASYP.G.288 5805269.476 7525085.236 100.892
14NASYP.G.289 5805265.884 7525084.327 100.969
14NASYP.G.290 5805264.872 7525081.617 100.710
14NASYP.G.291 5805262.201 7525084.537 100.718
14NASYP.G.292 5805262.721 7525082.035 100.721
14NASYP.G.293 5805263.454 7525079.116 101.690
14NASYP.G.294 5805264.249 7525075.701 101.017
14NASYP.G.295 5805264.765 7525072.428 100.379
14NASYP.G.296 5805265.972 7525068.550 100.437
14NASYP.G.297 5805266.460 7525067.143 100.800
14NASYP.G.298 5805268.114 7525064.411 100.948
14NASYP.G.299 5805266.747 7525063.457 100.132
14NASYP.G.300 5805267.958 7525059.826 100.429
14NASYP.G.301 5805269.213 7525055.766 100.740
14NASYP.G.302 5805270.083 7525053.770 99.642
14NASYP.G.303 5805269.141 7525045.667 100.607
14NASYP.G.304 5805268.289 7525049.426 100.641
14NASYP.G.305 5805266.483 7525052.608 100.445
14NASYP.G.306 5805264.868 7525056.662 100.723
14NASYP.G.307 5805264.677 7525060.293 100.397
14NASYP.G.308 5805263.511 7525064.093 100.825
14NASYP.G.309 5805262.383 7525067.746 100.721
14NASYP.G.310 5805260.499 7525072.650 100.410
14NASYP.G.311 5805259.795 7525076.333 100.104
14NASYP.G.312 5805258.499 7525079.074 100.969
14NASYP.G.313 5805258.103 7525081.967 100.688
14NASYP.G.314 5805254.328 7525081.096 101.178
14NASYP.G.315 5805254.631 7525079.768 100.381
14NASYP.G.316 5805255.260 7525076.913 100.933
14NASYP.G.317 5805254.969 7525073.089 100.881
14NASYP.G.318 5805255.338 7525070.391 101.036
14NASYP.G.319 5805256.439 7525067.582 100.006
14NASYP.G.320 5805257.929 7525063.904 100.091
14NASYP.G.321 5805259.864 7525059.595 99.739
14NASYP.G.322 5805261.472 7525055.085 99.756
14NASYP.G.323 5805261.527 7525050.311 99.733
14NASYP.G.324 5805262.386 7525046.225 100.081
14NASYP.G.325 5805261.850 7525043.592 100.958
14NASYP.G.326 5805258.413 7525042.654 101.034
14NASYP.G.327 5805258.115 7525044.193 101.553
14NASYP.G.328 5805257.641 7525046.193 100.249
14NASYP.G.329 5805257.203 7525049.125 100.585
14NASYP.G.330 5805256.042 7525053.602 100.833
14NASYP.G.331 5805255.167 7525057.772 100.794
14NASYP.G.332 5805254.515 7525062.565 100.929
14NASYP.G.333 5805254.398 7525066.624 100.746
14NASYP.G.334 5805251.296 7525070.810 100.798
14NASYP.G.335 5805250.041 7525074.502 100.639
14NASYP.G.336 5805249.795 7525076.915 101.280
14NASYP.G.337 5805249.706 7525078.704 100.304
14NASYP.G.338 5805248.979 7525080.863 100.916
14NASYP.G.339 5805246.754 7525080.134 101.131
14NASYP.G.340 5805247.177 7525077.179 101.446
14NASYP.G.341 5805244.398 7525079.773 101.369
14NASYP.G.342 5805244.625 7525076.822 101.510
14NASYP.G.343 5805245.597 7525074.502 101.178
14NASYP.G.344 5805246.728 7525070.189 101.293
14NASYP.G.345 5805248.032 7525066.570 100.973
14NASYP.G.346 5805249.725 7525062.735 100.794
14NASYP.G.347 5805251.771 7525058.223 100.922
14NASYP.G.348 5805253.201 7525054.433 100.612
14NASYP.G.349 5805252.814 7525051.106 100.542
14NASYP.G.350 5805250.779 7525053.806 100.021
14NASYP.G.351 5805248.713 7525053.544 100.782
14NASYP.G.352 5805250.377 7525050.076 101.360
14NASYP.G.353 5805251.749 7525046.684 100.971
14NASYP.G.354 5805252.966 7525043.900 100.929
14NASYP.G.355 5805250.727 7525042.194 101.566
14NASYP.G.356 5805248.578 7525039.883 100.975
14NASYP.G.357 5805246.978 7525044.415 101.037
14NASYP.G.358 5805246.902 7525044.536 101.024
14NASYP.G.359 5805246.624 7525048.774 100.923
14NASYP.G.360 5805245.988 7525052.052 100.448
14NASYP.G.361 5805245.566 7525056.304 101.382
14NASYP.G.362 5805245.226 7525059.983 100.651
14NASYP.G.363 5805244.939 7525064.125 100.926
14NASYP.G.364 5805245.746 7525065.150 100.316
14NASYP.G.365 5805243.164 7525066.667 101.277
14NASYP.G.366 5805241.578 7525067.467 101.714
14NASYP.G.367 5805241.135 7525069.714 100.482
14NASYP.G.368 5805240.923 7525073.174 101.800
14NASYP.G.369 5805239.211 7525074.211 101.524
14NASYP.G.370 5805236.945 7525073.566 100.262
14NASYP.G.371 5805233.534 7525072.296 100.242
14NASYP.G.372 5805232.667 7525075.302 100.361
14NASYP.G.373 5805231.563 7525074.363 101.200
14NASYP.G.374 5805229.245 7525073.106 101.231
14NASYP.G.375 5805231.693 7525071.766 100.262
14NASYP.G.376 5805229.855 7525070.250 101.341
14NASYP.G.377 5805233.434 7525069.742 101.370
14NASYP.G.378 5805236.089 7525067.398 100.556
14NASYP.G.379 5805237.934 7525063.507 101.235
14NASYP.G.380 5805239.360 7525059.987 101.270
14NASYP.G.381 5805240.163 7525055.274 101.404
14NASYP.G.382 5805242.031 7525056.340 100.181
14NASYP.G.383 5805243.601 7525052.707 100.248
14NASYP.G.384 5805241.691 7525051.846 101.345
14NASYP.G.385 5805239.909 7525050.830 100.361
14NASYP.G.386 5805241.593 7525047.317 100.372
14NASYP.G.387 5805243.427 7525048.960 101.349
14NASYP.G.388 5805245.124 7525046.082 101.190
14NASYP.G.389 5805244.384 7525041.754 101.062
14NASYP.G.390 5805246.244 7525037.957 101.421
14NASYP.G.391 5805245.253 7525037.723 101.460
14NASYP.G.392 5805243.309 7525037.075 100.091
14NASYP.G.393 5805240.987 7525037.326 101.077
14NASYP.G.394 5805240.192 7525040.858 101.182
14NASYP.G.395 5805239.416 7525043.802 101.192
14NASYP.G.396 5805238.703 7525048.257 101.196
14NASYP.G.397 5805236.751 7525052.874 101.278
14NASYP.G.398 5805235.813 7525056.642 101.027
14NASYP.G.399 5805235.399 7525058.921 101.216
14NASYP.G.400 5805235.051 7525059.900 100.705
14NASYP.G.401 5805234.897 7525062.458 101.349
14NASYP.G.402 5805234.269 7525065.446 101.709
14NASYP.G.403 5805230.590 7525066.707 101.171
14NASYP.G.404 5805231.098 7525063.948 101.025
14NASYP.G.405 5805231.834 7525060.781 101.164
14NASYP.G.406 5805232.726 7525056.953 100.987
14NASYP.G.407 5805233.513 7525052.411 101.018
14NASYP.G.408 5805234.787 7525048.975 101.288
14NASYP.G.409 5805234.902 7525046.940 101.058
14NASYP.G.410 5805234.417 7525045.646 100.018
14NASYP.G.411 5805236.739 7525044.714 100.075
14NASYP.G.412 5805235.757 7525040.019 100.203
14NASYP.G.413 5805233.130 7525039.362 100.383
14NASYP.G.414 5805231.702 7525038.956 100.084
14NASYP.G.415 5805230.301 7525041.182 100.138
14NASYP.G.416 5805231.830 7525044.290 100.076
14NASYP.G.417 5805232.890 7525042.250 100.170
14NASYP.G.418 5805231.784 7525042.498 100.759
14NASYP.G.419 5805231.661 7525040.971 100.949
14NASYP.G.420 5805232.304 7525039.828 100.865
14NASYP.G.421 5805231.642 7525046.476 101.057
14NASYP.G.422 5805230.724 7525050.615 101.231
14NASYP.G.423 5805229.136 7525055.459 101.007
14NASYP.G.424 5805228.032 7525059.451 101.066
14NASYP.G.425 5805227.468 7525062.781 100.605
14NASYP.G.426 5805226.950 7525066.131 100.339
14NASYP.G.427 5805226.970 7525068.630 101.174
14NASYP.G.428 5805226.220 7525071.438 101.326
14NASYP.G.429 5805224.978 7525069.871 100.552
14NASYP.G.430 5805223.783 7525068.232 101.396
14NASYP.G.431 5805224.319 7525064.719 101.256
14NASYP.G.432 5805224.549 7525061.193 100.611
14NASYP.G.433 5805224.949 7525058.679 101.163
14NASYP.G.434 5805225.340 7525054.034 101.347
14NASYP.G.435 5805226.615 7525050.271 100.940
14NASYP.G.436 5805227.623 7525047.171 101.147
14NASYP.G.437 5805225.266 7525044.693 101.446
14NASYP.G.438 5805224.739 7525040.975 100.824
14NASYP.G.439 5805226.290 7525041.651 100.048
14NASYP.G.440 5805227.314 7525045.215 100.128
14NASYP.G.441 5805228.216 7525037.095 100.064
14NASYP.G.442 5805226.153 7525036.301 101.031
14NASYP.G.443 5805228.275 7525034.496 101.299
14NASYP.G.444 5805224.214 7525034.089 101.202
14NASYP.G.445 5805221.592 7525032.989 101.590
14NASYP.G.446 5805221.387 7525036.860 101.105
14NASYP.G.447 5805220.663 7525041.722 100.837
14NASYP.G.448 5805220.329 7525045.633 100.806
14NASYP.G.449 5805220.600 7525049.192 101.252
14NASYP.G.450 5805221.043 7525053.402 100.447
14NASYP.G.451 5805220.779 7525057.901 101.077
14NASYP.G.452 5805220.602 7525061.695 101.274
14NASYP.G.453 5805219.710 7525064.006 100.673
14NASYP.G.454 5805215.899 7525062.771 101.245
14NASYP.G.455 5805216.411 7525058.424 101.341
14NASYP.G.456 5805215.974 7525053.750 101.121
14NASYP.G.457 5805216.422 7525049.609 101.131
14NASYP.G.458 5805216.868 7525043.907 100.692
14NASYP.G.459 5805218.087 7525039.704 101.012
14NASYP.G.460 5805218.699 7525035.739 100.984
14NASYP.G.461 5805218.232 7525033.891 101.422
14NASYP.G.462 5805220.312 7525034.164 100.792
14NASYP.G.463 5805216.395 7525034.241 100.596
14NASYP.G.464 5805213.895 7525034.621 101.491
14NASYP.G.465 5805213.483 7525038.915 101.219
14NASYP.G.466 5805213.289 7525043.080 100.914
14NASYP.G.467 5805213.148 7525046.921 100.779
14NASYP.G.468 5805213.572 7525049.599 101.516
14NASYP.G.469 5805213.045 7525051.108 100.448
14NASYP.G.470 5805212.478 7525053.296 101.270
14NASYP.G.471 5805211.776 7525056.389 101.423
14NASYP.G.472 5805211.124 7525061.059 101.486
14NASYP.G.473 5805211.822 7525063.416 101.376
14NASYP.G.474 5805213.434 7525063.039 100.450
14NASYP.G.475 5805210.535 7525063.542 101.337
14NASYP.G.476 5805210.151 7525060.684 101.372
14NASYP.G.477 5805208.792 7525058.979 100.943
14NASYP.G.478 5805208.048 7525055.992 101.316
14NASYP.G.479 5805208.184 7525052.288 101.220
14NASYP.G.480 5805210.516 7525051.481 100.894
14NASYP.G.481 5805209.803 7525047.729 101.177
14NASYP.G.482 5805209.448 7525045.107 101.492
14NASYP.G.483 5805209.205 7525043.408 100.384
14NASYP.G.484 5805209.302 7525040.801 100.461
14NASYP.G.485 5805209.451 7525037.946 101.426
14NASYP.G.486 5805209.005 7525035.087 101.096
14NASYP.G.487 5805208.841 7525033.647 101.223
14NASYP.G.488 5805206.996 7525034.067 101.094
14NASYP.G.489 5805206.258 7525036.973 101.312
14NASYP.G.490 5805206.121 7525040.151 101.349
14NASYP.G.491 5805206.163 7525043.886 101.364
14NASYP.G.492 5805208.841 7525047.971 101.340
14NASYP.G.493 5805207.397 7525048.569 100.278
