D101 5805321.927 7525051.052 100.025
D102 5805312.736 7525048.938 99.855
D103 5805303.907 7525047.313 99.827
D104 5805294.371 7525045.488 99.734
D105 5805285.933 7525045.877 99.597
D106 5805283.691 7525048.645 99.709
D107 5805285.389 7525053.027 99.695
D108 5805286.483 7525056.864 99.817
D109 5805282.842 7525057.674 99.712
D110 5805282.245 7525054.460 99.574
D111 5805280.710 7525046.705 99.636
D112 5805271.853 7525044.067 99.591
D113 5805263.376 7525041.546 99.590
D114 5805255.425 7525039.471 99.751
D115 5805244.626 7525035.395 99.902
D116 5805236.237 7525034.538 100.077
D117 5805229.871 7525033.146 100.208
D118 5805221.304 7525030.463 100.315
D119 5805219.671 7525032.052 100.316
D120 5805215.397 7525032.603 100.343
D121 5805205.586 7525032.431 100.340
D122 5805204.587 7525039.523 100.369
D123 5805205.233 7525046.516 100.361
D124 5805206.046 7525057.110 100.293
D125 5805209.697 7525066.309 100.227
D126 5805214.126 7525065.523 100.281
D127 5805217.672 7525066.863 100.188
D128 5805219.822 7525070.232 100.309
D129 5805228.558 7525075.141 100.253
D130 5805239.136 7525079.424 100.119
D131 5805246.250 7525082.117 100.147
D132 5805255.642 7525083.525 100.116
D133 5805265.000 7525086.062 100.241
D134 5805271.735 7525088.089 100.235
D135 5805281.287 7525090.134 100.229
D136 5805290.809 7525090.680 100.255
D137 5805298.727 7525090.994 100.189
D138 5805303.696 7525085.590 100.136
D139 5805308.984 7525088.954 100.162
D140 5805316.070 7525086.062 100.227
D141 5805321.578 7525074.936 100.187
D142 5805324.537 7525061.229 99.969
D143 5805326.247 7525057.118 100.025
